, 1616661601611. 11666116,66616161111616661

111 Ν 160066 146

61166666 66 16 paige 685 16 66611116116611616, 61 13. 8661611666, 616161666116 66666166 66 16
Γ1161161166 6166116 ¹) 1661661 au tems 166 66661166, 61 6. 22 ad 061661) 616.

166 11661 61166666 66 16 p. 691, 610166661116166- 14. 86616 14 111 6161616661 16 p. 2566 666·
1116 qui estoit 16 66 16166 la, Lib. 8116166166, 661361 Tu 6616166161.

Lib. Podagogi, 1616116166 1111616666. 15. 866 16 15 il 6611666666.

1616116 6 6116616616616 6661666 661666 666 16. Il 66166666.

16 66 6161 1161116116, 66616666 66166 16 6666116 16 17. 866 16 1716 66666166 16111616111611616
Nyoee 61666 666 161661, etque 661 16616616 quil 666661 66611616 616 61616 161. l. p. 26.
6661616 ²) 6661 66161 666 16 166116 1116116. 18. 86616 18116 6161616661 66 16 page 16

on 11 1161 quil entend par personne 61 hypo· livre imprimo 259, 6116116186116116 66616666 1661·
61666 666 substance 8) 11611116 66 66616616. luy interrogat.

866 6661 111 6611161666 nallegue des 16616616 19. 86616 19 1116161616661 16 11116 6661161
6116161661 01661661 16666 61Ρ61666166, 166 111166 qui 61616616666661, 161. 13, . 2.

6661 66616161 61 66666661 66 16616616 6661666611- 20. 86616 201116161616661 16 1666616 616111
166 61661 6661 16 6161666 161166, 61 Γ161161166 61 2111116,161.19,6.1.
116666 qui font 1616166661666116 luy. 21. Sus 16 21 il 16 66616666.

7. 866. 22. 866162216616111166611611116116611616

8. 866. p. 220, 11616 225, 11616 226.

9. 8116 lequel 111 16161666116616161616 661116 ι 23. 86616 23 1116161616661 16 livre 11616
amo. (161116, estant 6611116 imprime ,161161 861161 6661161616 16616161. 13, 6. 16 61 26

11616 6161616661 66 16 6. 23 16116111116 im- 24. 86616 24111 6161616661161111666611166166
611166, 66666666666 166 loco 6164), 6. 205 de 666, 6661161 616 1661616611161 36, p. la: nam ipsi.
6611666 616, p. 229 evidenter 16666611), p. 269 pene· 25. 86616 25 111 6116611661 11116 4 66611616
661116 6666661169, 356 ipso per sennonem 6167) 16 main 161. 8.

10. 86616101116161616661166.199161161 26. 86616 2611161616166611611116 imprime
livre: 6166611ρὲ666 6163) 16 16611161 2501 Materia 161666, 11661264 6. ²)

ll. 866 1661166616 . 282 6616 6169) etan 27. 8661627111616161666116511116 6661161
livre 6661161 6 16 16616 ’161. 16 trinitate 161. 8. 61616616161. 10, 6. l 6126. 0611111616. 1161616
6. 26 “ , livre 1616116166. 551 1666616161)

12. 866161211 16 66616666. 11661 16611616 28. 86616 28116 61616166611611116 cinq 66·
6616116 6 666 66 6661666166 661666116116 6666 6116161661616161. 15. 6. l. ‘
1666616 8111161, 666161661111 61661661661 16 p. 17 16 29. 866 16 29 11 66166666.
1111611661161661231 16116111166616 0111611616, 30. 86616301116161616661 1611116 imprimo
6123266160111611616.,’9) 673666611616619616, 367. Item 11116 6661161, de repertorum, 6161161
253 haec 161166 61611) 161. 5, 6. 212, 161 ssfifp. l, 161 7, p. 2.

31. 66166 6666.

μ--

11 1166166661 166 m η 13} {gfog‘a'ssfffiopmlpnipogue premier
1111611111111111111116. - ⁰ 1411 8616110111801111111116661111111 livre camp:

.⁴) 1166 1666 16616161 861166 1616116 61 dere 6116 6666· a 16 main, Dialogue premier 61 ledit 861161
w sennonem 111661 116661 11111161 (11666661). De confesse·

6) 1111111161 6666611666, 1611611166 1111 1661661 1111661, , 35· 8¹¹⁸ ¹⁰ 35 11111081118911118ΒῙἏῙἯ110 pm·
161 personalem. 16 verbo 6611166 111111. De 71616 61161161. 6, 6. 1111611116 6661161616 mam.

0161 1. 36. 866 16 36 11 16 616616 1666116

foe& offiffig‘ssffissfiffiffl‘fflfflffiffiiffim‘ ‘lm 37. 866163711161616166611611116 imprime

Mi, filius mmm M 6 mmm ¹¹¹ dudit 861161, 61 116611161166 16 1166161661 Calvia

ὓ 1) lpse (611) 661 661 6611666661 061 ex 661111116661616· [1011111100 661 ledit 861161, 6666611116 666 epistre ptr·
8) 0666 661 16066111661661 6116111116 16 0111616 16 quo

6616 161161611616116 6616 161166 616 Dm!- de 2161. 2 Ι1) lm 61 quotum, 11661661· Ad 6661661 hesse- upa.
10)(816011161166106111 ..... 661601616666166· ωυωοωοαιάνωωάπωὲἱῖᾱωιωᾶωᾱεωψα

160616611661161611116116611661111161116666116161661111. · ...comm Dm*
61661111...06116611161116616.11611161112 .. Ι ᾒψὼὺῦυὼωϋικωνωῶήαὶ Veh*

11) 1666161166 166 661 recens sedtotum1psum0hnsueor-3 Le. 1166 aleym.
616616161666166661661161116116066 Mi · 3)06,11666161111’6κ11

 

